-1.792738097719848156e-03
-2.489038743078708649e-02
2.788708370644599199e-04
-1.537518575787544250e-02
-2.331726066768169403e-02
-3.001090697944164276e-02
1.764403097331523895e-02
-4.912196192890405655e-03
-1.664069481194019318e-02
-2.493073977530002594e-02
-3.412340581417083740e-02
-1.814041845500469208e-02
1.965261436998844147e-02
1.453324500471353531e-02
-1.266087312251329422e-02
-2.603861689567565918e-02
-1.496966648846864700e-02
-2.626272477209568024e-02
-1.992987282574176788e-02
-8.118439465761184692e-03
-2.383403666317462921e-02
-1.338035333901643753e-02
1.078763511031866074e-02
-3.088091500103473663e-02
-5.425982177257537842e-03
-1.430455036461353302e-02
-2.608848363161087036e-02
9.124728967435657978e-04
-1.165816187858581543e-02
-1.130975969135761261e-02
-4.292217642068862915e-02
-1.501335669308900833e-02
-1.797527447342872620e-02
-2.144224196672439575e-02
-1.584872603416442871e-02
-3.205186128616333008e-02
-2.235878445208072662e-02
-1.807183027267456055e-02
-1.985423080623149872e-02
-2.093861810863018036e-02
-1.430306863039731979e-02
-1.976753585040569305e-02
-1.606447435915470123e-02
-4.715739749372005463e-03
1.274955086410045624e-02
-2.039772458374500275e-02
-1.446799747645854950e-02
-2.125156857073307037e-02
-1.794753596186637878e-02
-2.975844033062458038e-02
-2.004964277148246765e-02
-3.288666531443595886e-02
7.345008198171854019e-04
-1.524148136377334595e-02
-2.890163473784923553e-02
-1.372653059661388397e-02
-1.309513393789529800e-02
-2.992384321987628937e-02
-4.567735642194747925e-02
-2.509117126464843750e-02
-2.059903554618358612e-02
-1.406143046915531158e-02
-1.924895495176315308e-02
-1.675210893154144287e-02
-1.459887251257896423e-03
-3.416292741894721985e-02
-2.744230441749095917e-02
-1.405581180006265640e-02
-1.154396031051874161e-02
-3.466194495558738708e-02
-1.536385342478752136e-02
4.750767722725868225e-02
-7.130028679966926575e-03
-2.112297154963016510e-02
-2.165930531919002533e-02
-3.469376591965556145e-03
-2.337126247584819794e-02
-3.285498544573783875e-02
-2.675752155482769012e-02
-1.357060857117176056e-02
1.850893534719944000e-02
-2.764881588518619537e-02
-2.244149334728717804e-02
-1.451555546373128891e-02
-2.601640671491622925e-02
-2.296045422554016113e-02
-1.614344120025634766e-02
-2.467463351786136627e-02
4.000418260693550110e-02
-1.447216491214931011e-03
-2.097704634070396423e-02
1.075250748544931412e-02
-1.035999786108732224e-02
-6.473372224718332291e-03
-1.441129297018051147e-02
-2.242106758058071136e-02
-2.324607037007808685e-02
-1.556987874209880829e-02
-2.002500183880329132e-02
-2.216956205666065216e-02
-1.784248277544975281e-02
-3.047917783260345459e-02
-3.024530969560146332e-02
-3.772025229409337044e-03
-1.490662712603807449e-02
-4.224722459912300110e-02
-1.337992027401924133e-02
-4.758683964610099792e-02
-2.225135080516338348e-02
-2.788270078599452972e-02
-1.175702083855867386e-02
-1.317018456757068634e-02
-8.417566306889057159e-03
-3.713955730199813843e-02
-1.563251018524169922e-02
-1.987061277031898499e-02
-1.064296253025531769e-02
-1.392121147364377975e-02
-2.489214763045310974e-02
-3.813754394650459290e-02
-2.028119191527366638e-02
-2.013929933309555054e-02
-1.303953584283590317e-02
9.822447784245014191e-03
-1.215175725519657135e-02
-2.750524692237377167e-02
-9.707500226795673370e-03
-2.380086667835712433e-02
-4.241686314344406128e-03
3.751655295491218567e-02
-5.827350541949272156e-03
-3.170358017086982727e-02
-3.560791537165641785e-02
-2.416354604065418243e-02
-1.469317823648452759e-02
-2.599306218326091766e-02
-1.595333032310009003e-02
-1.719913817942142487e-02
-2.252777293324470520e-02
-1.714109629392623901e-02
-1.627315534278750420e-03
1.379621447995305061e-03
-2.916492708027362823e-02
7.288524415343999863e-03
1.015918795019388199e-03
1.506318803876638412e-02
-2.105444110929965973e-02
-4.224496334791183472e-02
7.973225787281990051e-03
-1.040085218846797943e-02
7.979797199368476868e-03
-2.697761729359626770e-02
-2.615676447749137878e-02
-2.878757938742637634e-02
-4.015077650547027588e-02
-8.122156374156475067e-03
-1.314399298280477524e-02
-2.029110491275787354e-02
-2.751222439110279083e-02
-3.152510151267051697e-02
-2.268876321613788605e-02
-1.050217542797327042e-02
-2.140677161514759064e-02
-2.431653439998626709e-02
-2.509207278490066528e-02
-1.289152540266513824e-02
-8.459230884909629822e-03
6.459089927375316620e-04
-6.078228470869362354e-04
-8.323269896209239960e-03
-1.599420234560966492e-02
-6.583326961845159531e-03
-1.792153227142989635e-03
-2.514575794339179993e-02
-1.750257238745689392e-02
-2.132494561374187469e-02
2.720004413276910782e-04
-1.919851824641227722e-02
-9.501275606453418732e-03
-2.389407157897949219e-02
-1.729098032228648663e-03
-2.132586948573589325e-02
-2.476200088858604431e-02
-1.423766557127237320e-02
1.085654273629188538e-02
-3.938857465982437134e-02
-2.644191309809684753e-02
-3.768598288297653198e-02
-1.469844207167625427e-02
-7.937235757708549500e-03
-2.323226816952228546e-02
-8.057877421379089355e-03
-6.284840404987335205e-02
-1.828766800463199615e-02
-2.529681846499443054e-02
-7.149998564273118973e-03
-9.166643954813480377e-03
-4.331300442572683096e-04
-3.625719994306564331e-02
-3.364703804254531860e-02
-9.734940715134143829e-03
-2.104889973998069763e-02
-4.244719818234443665e-02
-3.886025398969650269e-02
-1.327798329293727875e-02
-2.188856899738311768e-02
-2.487507462501525879e-02
3.356036543846130371e-02
-5.593687295913696289e-03
-7.950896397233009338e-03
-2.352174371480941772e-02
-2.419644594192504883e-02
-5.779760424047708511e-03
-3.117398358881473541e-02
-1.906255260109901428e-02
-2.096251025795936584e-02
-3.272322937846183777e-02
-1.244658231735229492e-02
3.290694579482078552e-02
-3.736088797450065613e-02
1.076986175030469894e-02
-9.089970029890537262e-03
-1.519248541444540024e-02
-3.460007905960083008e-02
-4.872869234532117844e-03
-2.563667669892311096e-02
-9.660910815000534058e-03
-3.023972921073436737e-02
-2.398996055126190186e-02
-3.755300119519233704e-02
-2.984196133911609650e-02
-2.610361576080322266e-02
-2.010251767933368683e-02
2.729399502277374268e-02
-1.706445217132568359e-02
3.697479143738746643e-02
-1.717749238014221191e-02
-8.917187224142253399e-04
-2.108183223754167557e-03
-8.627252653241157532e-03
-7.175141014158725739e-03
-1.450731605291366577e-02
-3.161441162228584290e-02
-4.342476837337017059e-03
-3.300851583480834961e-02
-1.337669510394334793e-02
6.684609106741845608e-04
-1.638812758028507233e-02
-3.062627837061882019e-02
-2.399512194097042084e-02
-2.044089511036872864e-02
-2.756932191550731659e-02
-2.744672819972038269e-02
-4.702496528625488281e-02
-1.961450278759002686e-02
-2.548504807054996490e-02
-2.990075387060642242e-02
-2.033429220318794250e-02
-3.528286237269639969e-03
-2.610712498426437378e-02
-5.047095939517021179e-03
-6.081373430788516998e-03
-3.352421894669532776e-02
-2.644444443285465240e-02
-1.642758399248123169e-02
-7.227678317576646805e-03
-6.211478263139724731e-03
-2.381932921707630157e-02
-2.986566722393035889e-02
-3.367650881409645081e-02
-3.404256328940391541e-02
-3.020507469773292542e-02
-5.876721348613500595e-03
8.030532626435160637e-04
2.904162509366869926e-03
-2.566926926374435425e-02
-3.851296007633209229e-02
-2.038433030247688293e-02
-2.955521456897258759e-02
-3.355924785137176514e-02
-3.728676959872245789e-02
-1.062340848147869110e-02
-1.248667854815721512e-02
-3.425487875938415527e-02
-1.316059380769729614e-03
-7.995041087269783020e-03
-2.526148594915866852e-02
-1.176539435982704163e-02
-2.374296076595783234e-02
-4.465020820498466492e-02
-3.185181878507137299e-03
-2.295291610062122345e-02
-5.489522591233253479e-04
-3.754290519282221794e-04
-4.810918867588043213e-02
-2.298716828227043152e-02
-2.771191485226154327e-02
-1.601253822445869446e-02
-2.446115203201770782e-02
-3.045732341706752777e-02
-3.142301365733146667e-02
-1.152114011347293854e-02
-5.567695945501327515e-03
-2.195517532527446747e-02
9.985565207898616791e-03
-2.473549172282218933e-02
-7.932098582386970520e-03
-8.318972773849964142e-03
-9.444596944376826286e-04
-2.064174972474575043e-02
1.807833462953567505e-02
-3.313865512609481812e-02
-1.138809416443109512e-02
-1.012086775153875351e-02
-1.816069521009922028e-02
-2.455411292612552643e-02
-3.399553149938583374e-02
-1.709359697997570038e-02
-1.237084344029426575e-02
-2.186731435358524323e-02
-7.618624251335859299e-03
-1.584699004888534546e-02
-2.894449047744274139e-02
-8.601516485214233398e-03
-2.109251357614994049e-02
-2.489900030195713043e-02
-3.193185478448867798e-02
-3.070512088015675545e-03
-2.686110697686672211e-02
-6.460666656494140625e-03
-3.148676827549934387e-02
-2.201420627534389496e-02
-2.612068690359592438e-02
-1.970158703625202179e-02
-1.830261386930942535e-02
-1.411588676273822784e-02
5.211240495555102825e-04
5.237765144556760788e-03
-3.328741714358329773e-02
-2.364157699048519135e-02
-1.999385096132755280e-02
-2.062624553218483925e-03
-9.530095383524894714e-03
-9.559821337461471558e-03
-7.843779399991035461e-03
-2.421133778989315033e-02
-1.823898777365684509e-02
-3.230826929211616516e-02
-2.347772242501378059e-03
-1.994731463491916656e-02
-3.741156077012419701e-03
-4.202573560178279877e-03
-1.950298249721527100e-02
-2.722796984016895294e-02
-1.272654905915260315e-02
-3.231395408511161804e-02
-2.971480228006839752e-02
-1.091943774372339249e-02
-1.570749469101428986e-02
-2.399648539721965790e-02
-2.099814452230930328e-02
6.128781824372708797e-04
-1.904410310089588165e-03
-2.717759087681770325e-02
-1.312794815748929977e-02
-2.677338197827339172e-02
-3.534356877207756042e-02
-2.706430852413177490e-02
3.128013759851455688e-02
-7.907341234385967255e-03
-2.125892089679837227e-03
-6.408506073057651520e-03
-4.350164160132408142e-02
-3.039536811411380768e-02
-1.603510230779647827e-02
-2.199766226112842560e-02
-1.784740388393402100e-02
-2.938336879014968872e-02
-3.278760984539985657e-02
1.425249408930540085e-02
-2.645477466285228729e-02
-1.554895099252462387e-02
1.795005798339843750e-02
5.992669146507978439e-03
-1.653979346156120300e-02
-4.176824586465954781e-04
-3.729161107912659645e-03
2.764735603705048561e-03
-2.247816510498523712e-02
-3.439885750412940979e-02
-2.533983625471591949e-02
-2.823280915617942810e-02
-3.971085697412490845e-02
-1.314737647771835327e-02
-1.754486188292503357e-02
-7.496802601963281631e-03
-1.865058392286300659e-02
-2.864640206098556519e-02
-1.480348594486713409e-02
-2.552576363086700439e-02
-1.098749693483114243e-02
-2.540737576782703400e-02
1.208987552672624588e-02
-3.294208645820617676e-02
-2.650578692555427551e-02
-3.082026168704032898e-02
-1.053148135542869568e-02
-4.735207650810480118e-03
-6.374704185873270035e-03
-7.143799681216478348e-03
-1.214056555181741714e-02
-3.221461921930313110e-02
-2.558351866900920868e-02
-2.323749847710132599e-02
-3.426074981689453125e-02
-2.999323233962059021e-02
-1.299520954489707947e-02
-1.924937404692173004e-02
-1.703099161386489868e-02
-4.232602193951606750e-03
-1.483843661844730377e-02
-2.417218871414661407e-02
-2.061296254396438599e-02
-3.098161891102790833e-02
-1.834462583065032959e-02
-1.701637543737888336e-02
-1.459960918873548508e-02
-2.004062384366989136e-02
-1.732562854886054993e-02
-1.828349754214286804e-02
-1.044217124581336975e-02
-2.122035808861255646e-02
-4.952348768711090088e-03
-3.040403127670288086e-02
-1.885715126991271973e-02
-9.149260818958282471e-03
-2.498656138777732849e-02
-2.750646509230136871e-02
-2.842894941568374634e-02
-8.942030370235443115e-03
-2.528989687561988831e-02
-9.124325588345527649e-03
-2.418732829391956329e-02
7.859790697693824768e-03
-2.174450457096099854e-02
-6.968344002962112427e-02
-2.902348339557647705e-02
-3.032315894961357117e-02
-2.233298681676387787e-02
-2.223330549895763397e-02
-1.916361972689628601e-03
-2.150929532945156097e-02
-2.179162763059139252e-02
-2.470476925373077393e-02
-1.812015846371650696e-02
-2.970751561224460602e-02
-6.357034668326377869e-03
-1.982225105166435242e-02
-2.099826931953430176e-02
4.646935313940048218e-02
-3.160148113965988159e-02
-2.696754969656467438e-02
-2.463058382272720337e-02
-2.529952861368656158e-02
6.638907361775636673e-04
6.286965683102607727e-03
9.104949422180652618e-03
-1.681598648428916931e-02
-1.671763509511947632e-02
-1.433200575411319733e-02
-2.092246152460575104e-02
-3.244125097990036011e-02
-1.244778279215097427e-02
-5.978932604193687439e-03
-3.292523324489593506e-02
-7.871997542679309845e-03
-4.546817392110824585e-03
5.723020993173122406e-03
-1.884093694388866425e-02
-8.452499285340309143e-03
-2.588899247348308563e-02
-2.153881825506687164e-02
-1.443174388259649277e-02
-3.395439684391021729e-02
-2.803344279527664185e-02
-2.696504816412925720e-02
-1.328997872769832611e-02
-2.172940783202648163e-02
-1.322246156632900238e-02
-1.436069607734680176e-02
-2.205058932304382324e-02
-8.024922572076320648e-04
-3.903784975409507751e-02
-2.423689328134059906e-02
2.216976508498191833e-02
-3.916338458657264709e-02
-1.334124896675348282e-02
-9.876011870801448822e-03
-1.015555392950773239e-02
-1.621543616056442261e-02
-1.200952101498842239e-02
-1.863310486078262329e-02
-2.271283417940139771e-02
-1.054092496633529663e-02
-3.063688799738883972e-02
-1.486965175718069077e-02
-4.493599757552146912e-03
-2.603814005851745605e-03
-6.249577272683382034e-03
1.400362141430377960e-02
-2.748143114149570465e-02
-2.507708966732025146e-02
-1.225587911903858185e-02
-2.564766816794872284e-02
-1.067577209323644638e-02
7.610943866893649101e-04
-3.725434839725494385e-02
-3.834762424230575562e-02
-8.595699444413185120e-03
-1.258115749806165695e-03
-1.240328326821327209e-02
-1.008474454283714294e-02
4.185293801128864288e-03
-2.930133976042270660e-02
7.589622400701045990e-03
-2.177442051470279694e-02
-2.545195259153842926e-02
-4.105394706130027771e-02
-2.193188667297363281e-02
-8.085612207651138306e-03
-2.919260039925575256e-02
-4.733220860362052917e-02
-5.050449818372726440e-02
-3.773488476872444153e-02
-1.116098486818373203e-03
-1.785700395703315735e-02
-2.384951338171958923e-02
-3.569424524903297424e-02
-2.479048632085323334e-02
-4.331172257661819458e-02
-8.643241599202156067e-03
-2.703842008486390114e-03
-1.236275956034660339e-02
-2.874824590981006622e-02
-1.139392890036106110e-02
-1.851722225546836853e-02
-9.548948146402835846e-03
-1.882290653884410858e-02
-3.190526366233825684e-02
-1.421306934207677841e-02
6.943886633962392807e-03
-2.888472750782966614e-02
-2.619044110178947449e-02
-1.952301152050495148e-02
8.393069729208946228e-03
-7.516599260270595551e-03
-2.919960767030715942e-03
-1.818515011109411716e-03
-9.360687807202339172e-03
-1.563317887485027313e-02
-2.150331251323223114e-02
-2.531135641038417816e-02
-2.008015848696231842e-02
-2.971662580966949463e-02
-1.386728323996067047e-02
-1.895920559763908386e-02
-2.000186406075954437e-02
-5.888915620744228363e-03
-6.763739977031946182e-03
-3.728501498699188232e-02
-7.488264236599206924e-04
-1.068036258220672607e-02
-1.961664669215679169e-02
-1.433701813220977783e-02
-2.658681012690067291e-02
-2.076988667249679565e-02
-1.579384319484233856e-02
-6.615112069994211197e-03
-3.279181197285652161e-02
-2.287983708083629608e-02
3.747862204909324646e-02
-2.228149212896823883e-02
-3.104124590754508972e-02
-2.617363817989826202e-02
-2.166813798248767853e-02
-2.012737840414047241e-02
-3.912921994924545288e-02
-1.217494625598192215e-02
-1.740648224949836731e-02
-1.560026500374078751e-02
-3.404209017753601074e-02
-1.087088603526353836e-02
-3.057470358908176422e-02
-3.029283136129379272e-02
2.170307561755180359e-02
-8.647589012980461121e-03
-5.285991728305816650e-02
-2.425588108599185944e-02
-1.639342121779918671e-02
-2.361552976071834564e-02
5.385673604905605316e-03
-3.500672802329063416e-02
-7.003523875027894974e-03
-3.223725408315658569e-02
-1.100788172334432602e-02
1.729627698659896851e-02
-1.885663531720638275e-02
-3.687855601310729980e-02
-4.486468434333801270e-02
-3.006222657859325409e-02
-1.887263357639312744e-02
-1.956355012953281403e-02
-2.614951878786087036e-02
1.019785460084676743e-02
-1.968774572014808655e-02
-4.123589396476745605e-02
-6.398733239620923996e-03
-2.268075570464134216e-02
-3.459686040878295898e-02
-2.505627460777759552e-02
-3.232906386256217957e-02
-1.786254905164241791e-02
-1.190063171088695526e-02
3.681303933262825012e-02
-2.290951088070869446e-02
-9.758837521076202393e-03
-3.888375312089920044e-02
-1.320869475603103638e-02
-3.468209179118275642e-03
-1.823613233864307404e-02
5.417734012007713318e-02
-2.275128662586212158e-02
-3.188955783843994141e-02
-1.250223256647586823e-02
-2.460616268217563629e-02
-2.163324505090713501e-02
2.512050792574882507e-02
-2.472483552992343903e-02
-1.023022457957267761e-02
-1.587523892521858215e-02
-1.683307625353336334e-02
-1.115871500223875046e-02
-2.054228819906711578e-02
-2.458841167390346527e-02
-1.026240643113851547e-02
-4.450579732656478882e-02
-1.777497492730617523e-02
-2.611692063510417938e-02
-2.756206505000591278e-02
-3.039768431335687637e-03
-2.736125513911247253e-02
-1.383470743894577026e-02
-3.511071205139160156e-03
-1.553504168987274170e-02
-8.679798804223537445e-03
-2.569036185741424561e-02
-1.984932273626327515e-02
-1.406792271882295609e-02
-1.749475300312042236e-02
-1.317872200161218643e-02
-2.365218102931976318e-02
-1.781644485890865326e-02
-2.448830567300319672e-02
-1.883628033101558685e-02
-3.809132380411028862e-03
-1.987734995782375336e-02
-1.037116535007953644e-02
4.521601076703518629e-04
3.589275060221552849e-03
-3.640526533126831055e-02
9.282496757805347443e-03
-2.535731531679630280e-02
-2.317551523447036743e-02
1.170879788696765900e-02
-1.657809875905513763e-02
-9.426996111869812012e-03
1.093866303563117981e-02
-9.272213093936443329e-03
-2.396881580352783203e-02
-2.686058171093463898e-02
-3.545176610350608826e-02
-1.449951622635126114e-02
-1.779980584979057312e-02
-1.997330598533153534e-02
-2.147505246102809906e-02
-1.864518411457538605e-02
8.509363979101181030e-03
-2.281467244029045105e-02
-2.022736705839633942e-02
-3.201571106910705566e-02
-1.705248653888702393e-02
-2.616710588335990906e-02
-3.767073852941393852e-03
-2.447636239230632782e-02
-1.437547244131565094e-02
1.134702283889055252e-02
-3.758172690868377686e-02
-2.349245175719261169e-02
-1.153441891074180603e-02
-2.309017814695835114e-02
-1.065592747181653976e-03
-1.750927045941352844e-02
1.902835257351398468e-02
-2.500816807150840759e-02
-6.988214794546365738e-03
-1.875380054116249084e-02
-2.382470853626728058e-02
1.660212874412536621e-02
-3.715022653341293335e-02
-1.779680512845516205e-02
-1.394408755004405975e-02
-1.551569066941738129e-02
-1.482433546334505081e-02
-7.565016858279705048e-03
-2.218303270637989044e-02
6.644192151725292206e-03
-3.401385247707366943e-02
-1.824792008846998215e-03
-3.163293004035949707e-02
-2.725478820502758026e-02
-2.060434035956859589e-02
1.092482265084981918e-02
-1.557215303182601929e-02
-1.123133115470409393e-02
-1.530649024061858654e-03
-2.419581450521945953e-02
-1.951183192431926727e-02
-2.253843098878860474e-02
-2.117068134248256683e-02
-2.089352346956729889e-03
-2.281238511204719543e-02
-2.699081378523260355e-04
-3.054166585206985474e-02
-1.469090860337018967e-02
-3.656000643968582153e-02
-9.617942385375499725e-03
-3.707537800073623657e-02
-8.846009150147438049e-03
2.093450352549552917e-02
2.800768474116921425e-03
1.381183508783578873e-02
-1.973036490380764008e-02
-2.009077183902263641e-02
-7.448449730873107910e-03
-9.454819955863058567e-04
-2.719621174037456512e-02
-5.079672206193208694e-03
-3.484728559851646423e-02
-1.290570199489593506e-02
-2.522808685898780823e-02
-2.289028652012348175e-02
-1.643378287553787231e-02
-2.970095910131931305e-02
1.308443839661777020e-03
-2.430580928921699524e-02
-1.550572551786899567e-02
-1.307118032127618790e-02
-4.736831877380609512e-03
-2.690921723842620850e-02
2.753840992227196693e-03
-2.303797006607055664e-02
-4.838748835027217865e-03
-4.016763344407081604e-02
-3.717135637998580933e-02
-2.009108103811740875e-02
-3.109905868768692017e-02
-1.676589623093605042e-02
-2.704551629722118378e-02
-2.337098494172096252e-02
-1.488093193620443344e-02
-1.771390438079833984e-02
-1.363348402082920074e-02
-2.658379077911376953e-02
-1.741879805922508240e-02
-1.578346267342567444e-02
-3.214482590556144714e-02
-2.416893653571605682e-02
-1.922311075031757355e-02
6.590138655155897141e-03
-1.972672902047634125e-02
-1.815575920045375824e-02
-2.358941175043582916e-02
-1.950027979910373688e-02
-1.482775621116161346e-02
-5.190378520637750626e-03
-1.261433307081460953e-02
-2.295748330652713776e-02
-2.490129508078098297e-02
-1.361088827252388000e-02
1.269026100635528564e-02
-3.113738074898719788e-02
-2.468658611178398132e-02
-4.209293797612190247e-02
-1.628969237208366394e-02
-2.675915136933326721e-02
5.771417170763015747e-03
-4.960640217177569866e-04
-1.869603246450424194e-02
-1.160740945488214493e-02
-3.453890094533562660e-03
-1.317547727376222610e-02
-2.390328049659729004e-02
-1.946159452199935913e-02
-1.189547311514616013e-02
-1.317711547017097473e-02
-3.073922917246818542e-02
3.732067346572875977e-02
-7.254874333739280701e-03
-1.966944150626659393e-02
-1.975204981863498688e-02
-1.975292526185512543e-02
-1.967835053801536560e-02
-3.279182687401771545e-02
-2.197715640068054199e-02
-1.689682900905609131e-02
-1.940746977925300598e-02
-1.684076525270938873e-02
-1.084608398377895355e-02
-1.975335739552974701e-02
1.258879061788320541e-02
-2.131944149732589722e-02
-9.217132814228534698e-03
-1.857373490929603577e-02
-2.656025066971778870e-02
-7.616685703396797180e-03
-1.040100399404764175e-02
-8.542186580598354340e-03
-2.397076971828937531e-02
-2.102931588888168335e-02
-3.125507384538650513e-02
-1.491880603134632111e-02
-2.061086706817150116e-03
-1.798862963914871216e-02
-8.032091893255710602e-03
-3.401658684015274048e-02
3.737157909199595451e-03
-1.522493734955787659e-02
-3.919762000441551208e-02
-3.250567987561225891e-02
-2.634058520197868347e-02
-1.784991286695003510e-02
-1.863006502389907837e-02
-3.210408613085746765e-02
-1.912428997457027435e-02
-2.275531180202960968e-02
-1.560611464083194733e-02
-1.510384306311607361e-02
-2.512653358280658722e-03
-1.658349297940731049e-02
-2.663288824260234833e-02
-1.554282568395137787e-02
-1.515993010252714157e-02
-1.994158606976270676e-03
-4.607076942920684814e-02
-4.321348667144775391e-02
-9.962710551917552948e-03
-3.336656093597412109e-02
-7.241094484925270081e-03
-1.282908115535974503e-02
-3.677472844719886780e-02
-2.025775611400604248e-02
-2.808124013245105743e-02
-2.842842787504196167e-02
-2.145534753799438477e-02
-4.394286370370537043e-04
1.249276474118232727e-02
-1.500960905104875565e-02
-1.877375319600105286e-02
-3.083173558115959167e-02
-4.557645320892333984e-02
-1.850234158337116241e-02
-2.506505511701107025e-02
-1.739221625030040741e-03
-2.591449394822120667e-02
1.416906132362782955e-03
-2.887815050780773163e-02
4.125002399086952209e-02
7.943174801766872406e-03
-1.893332786858081818e-02
-3.048315271735191345e-02
-1.269762497395277023e-02
-2.590009570121765137e-02
-1.015563588589429855e-02
1.105390023440122604e-02
-1.798768900334835052e-02
-2.528095990419387817e-02
-3.347825631499290466e-02
-1.975804381072521210e-02
-1.530682109296321869e-02
-2.369874343276023865e-02
-1.044554915279150009e-02
-1.220730040222406387e-02
2.527815056964755058e-03
-1.734318397939205170e-02
-2.645224705338478088e-02
-8.699911646544933319e-03
-2.306246664375066757e-03
-3.693577647209167480e-02
-1.982128806412220001e-02
-1.114383060485124588e-02
1.302180346101522446e-02
2.146598882973194122e-02
-2.292528748512268066e-02
-3.069595620036125183e-02
-1.430716644972562790e-02
-2.456683292984962463e-02
-3.361906856298446655e-02
-1.915610767900943756e-02
-2.353390306234359741e-02
1.790030626580119133e-03
-2.167585305869579315e-02
-3.970884159207344055e-02
-4.718009382486343384e-02
-1.905151270329952240e-02
-1.064072269946336746e-02
6.434198934584856033e-03
-2.121947333216667175e-02
-1.581749878823757172e-02
-1.204408798366785049e-02
-1.094875577837228775e-02
-2.633827552199363708e-02
-2.880159299820661545e-03
-1.895016990602016449e-02
5.521318875253200531e-03
-1.700935326516628265e-02
-1.155165769159793854e-02
-4.645537119358778000e-03
-3.327201679348945618e-02
-1.891077682375907898e-02
1.064262911677360535e-02
-2.611823612824082375e-03
-1.040413137525320053e-02
-2.287853276357054710e-03
-1.845658756792545319e-02
-6.925029680132865906e-03
-3.174009174108505249e-02
-1.606609299778938293e-02
-1.245596073567867279e-02
-3.662889078259468079e-02
-1.269217114895582199e-02
-1.009494625031948090e-02
-1.101857610046863556e-02
1.615158841013908386e-02
-4.578799474984407425e-03
1.416745409369468689e-02
-2.867134846746921539e-02
-1.841151900589466095e-02
-2.518641389906406403e-02
-1.777466386556625366e-02
-1.265629008412361145e-02
-1.634106598794460297e-02
-2.362748049199581146e-02
-4.555641207844018936e-03
-3.022572211921215057e-02
-1.747936941683292389e-02
-2.943438291549682617e-02
-3.671392425894737244e-02
-3.364904597401618958e-02
1.251622219569981098e-03
-1.386143080890178680e-02
-1.726143248379230499e-02
4.628031980246305466e-03
-2.188768796622753143e-02
2.127750311046838760e-03
-2.004449442028999329e-02
5.269331741146743298e-04
-1.134247891604900360e-02
-2.351580187678337097e-02
-5.024343356490135193e-02
-1.032831426709890366e-02
-2.264681458473205566e-02
-3.455301374197006226e-02
-3.130656108260154724e-02
-1.546954736113548279e-02
-2.778404206037521362e-02
-1.998221687972545624e-02
-2.167936787009239197e-02
2.643974311649799347e-02
-1.364658586680889130e-02
-3.369100391864776611e-02
-6.577379256486892700e-02
-1.008211076259613037e-02
-1.035985536873340607e-02
-1.849677786231040955e-02
-1.757123693823814392e-02
-1.380614284425973892e-02
-1.932981424033641815e-02
-4.056973010301589966e-02
-1.885464228689670563e-02
-7.173646707087755203e-03
-5.175452306866645813e-02
-4.473337531089782715e-02
-2.286480553448200226e-02
-1.343031320720911026e-02
-9.398171678185462952e-03
-1.075521577149629593e-03
5.927335470914840698e-03
-8.486257866024971008e-03
1.446153409779071808e-02
-1.336039137095212936e-02
-1.082221232354640961e-02
-2.506048046052455902e-02
-1.408032607287168503e-02
-2.267136424779891968e-02
-2.890487201511859894e-02
9.836634853854775429e-04
-2.334667742252349854e-02
-1.272474322468042374e-02
-2.292297035455703735e-02
-1.882608421146869659e-02
-3.000409156084060669e-02
-3.621406853199005127e-02
-2.648744557518512011e-04
-1.896902173757553101e-02
-9.543329477310180664e-03
-2.491147443652153015e-02
-1.015139929950237274e-02
-8.296078070998191833e-03
-2.200759574770927429e-02
-9.309484623372554779e-03
-3.270979598164558411e-02
6.037625484168529510e-03
-1.309385336935520172e-02
-1.116031315177679062e-02
-1.877909339964389801e-02
-2.042018994688987732e-02
-5.265028402209281921e-02
-2.321203798055648804e-02
-2.175632677972316742e-02
-2.550758048892021179e-02
-1.105633936822414398e-02
-1.628502272069454193e-02
-2.419050782918930054e-02
4.810734186321496964e-03
-1.714473776519298553e-02
-3.071495331823825836e-02
-2.391116879880428314e-02
-3.067868016660213470e-02
-1.527700666338205338e-02
-3.612641477957367897e-03
1.623263955116271973e-02
-2.911981428042054176e-03
-2.323351241648197174e-02
-2.715341048315167427e-03
-2.712239883840084076e-02
3.440285101532936096e-02
1.344662858173251152e-03
-2.077788859605789185e-02
-2.102545648813247681e-02
-1.985146105289459229e-02
-9.500292129814624786e-03
-2.547854324802756310e-03
-2.330859936773777008e-02
-8.790907450020313263e-03
-2.219651825726032257e-02
-1.025516632944345474e-02
-3.858316317200660706e-02
-1.995769701898097992e-02
-8.229861035943031311e-03
-2.352631837129592896e-02
-2.599216438829898834e-02
-1.767158694565296173e-02
-2.309051156044006348e-02
1.036459021270275116e-02
1.727586146444082260e-03
-2.220040187239646912e-02
-1.235843822360038757e-02
-2.236359938979148865e-02
-8.509979583323001862e-03
-4.533253237605094910e-02
-5.652025341987609863e-03
-9.826797060668468475e-03
-4.453759174793958664e-03
-1.063166093081235886e-02
1.973597332835197449e-02
-1.437039487063884735e-02
-9.101809002459049225e-03
-1.214161142706871033e-02
-1.791258528828620911e-02
-1.051545701920986176e-02
-1.219237782061100006e-02
-2.123066224157810211e-02
-1.301611121743917465e-02
-1.732120849192142487e-02
-1.705753803253173828e-02
-1.679203100502490997e-02
1.170090492814779282e-02
-3.529847832396626472e-03
-6.209000013768672943e-03
-1.505329459905624390e-02
-2.568391151726245880e-02
-1.306808553636074066e-02
-2.298551052808761597e-02
-1.718842983245849609e-02
-1.490426342934370041e-02
1.779508031904697418e-02
-3.143264353275299072e-02
-1.660267822444438934e-02
-8.136161603033542633e-03
-4.774601664394140244e-03
-5.221270024776458740e-02
-3.010307205840945244e-03
-3.997033461928367615e-03
-4.174336418509483337e-02
-2.607411704957485199e-02
6.925473921000957489e-03
-2.182160504162311554e-02
-2.276278473436832428e-02
-2.886046422645449638e-03
-5.828714929521083832e-03
-3.370875865221023560e-02
-2.562769502401351929e-02
-2.005228400230407715e-02
-2.338818646967411041e-02
-1.145351864397525787e-02
-2.533589489758014679e-02
2.408108301460742950e-02
-7.219127379357814789e-03
2.303300891071557999e-03
-8.369491435587406158e-03
-3.423327952623367310e-02
-3.677269269246608019e-04
-8.021682500839233398e-03
-4.416089039295911789e-03
-2.357225306332111359e-02
-1.394128985702991486e-02
-3.693934064358472824e-03
-8.816462010145187378e-03
-5.512603092938661575e-03
-2.180088125169277191e-02
-1.751701533794403076e-02
-1.481842249631881714e-02
3.707349998876452446e-03
-2.333400398492813110e-02
-4.425103217363357544e-02
-1.536404807120561600e-02
-2.569538541138172150e-02
-2.774008549749851227e-02
3.623025119304656982e-02
-2.015666849911212921e-02
-3.070405870676040649e-02
-3.198152780532836914e-02
1.949086040258407593e-02
-3.243043273687362671e-02
-1.232447847723960876e-02
-3.421449661254882812e-02
-2.552163414657115936e-02
-7.335460744798183441e-03
7.083850447088479996e-03
-1.263535395264625549e-02
-2.702244557440280914e-02
-1.514474488794803619e-02
5.530458875000476837e-04
-2.373770438134670258e-02
-5.078745074570178986e-03
-4.135570302605628967e-02
-4.676586017012596130e-02
-1.293247938156127930e-02
-2.261465601623058319e-02
-1.543610915541648865e-02
-4.839441739022731781e-03
-2.506059594452381134e-02
-1.338471285998821259e-02
-2.057326585054397583e-02
-1.564828865230083466e-02
-1.592656783759593964e-02
-2.135589905083179474e-02
-9.918343275785446167e-03
-2.176410146057605743e-02
1.078558154404163361e-03
-2.149289287626743317e-02
2.357869036495685577e-02
-1.822396926581859589e-02
-5.945767741650342941e-03
3.731625853106379509e-03
4.756009206175804138e-03
-1.990355551242828369e-02
-2.455631643533706665e-02
-3.913456946611404419e-02
-3.479506820440292358e-02
-7.696702610701322556e-03
3.391779260709881783e-03
-8.317898027598857880e-03
-3.807985410094261169e-02
-2.644517831504344940e-02
-1.201641559600830078e-02
-1.627967879176139832e-02
-1.781400106847286224e-02
-8.457680232822895050e-03
-2.191478013992309570e-02
-2.186576463282108307e-02
-1.899158209562301636e-02
-2.308126538991928101e-02
-1.790113374590873718e-02
-6.608427967876195908e-03
-1.950428821146488190e-02
-1.979486551135778427e-03
-2.537087723612785339e-02
-6.228861864656209946e-03
-3.239072114229202271e-02
-2.810344658792018890e-02
-1.092154067009687424e-02
-2.432129904627799988e-02
1.094657275825738907e-02
-1.243476103991270065e-02
-2.325126342475414276e-02
-3.196313232183456421e-02
-7.197610568255186081e-03
-1.739763095974922180e-02
-1.974582858383655548e-02
-4.342438280582427979e-02
-1.099943742156028748e-02
-3.854142501950263977e-02
-3.860751399770379066e-03
-3.981146216392517090e-02
-2.157747186720371246e-02
-2.037270739674568176e-02
-2.563654258847236633e-02
-4.312931373715400696e-02
-3.673675283789634705e-02
-7.667908445000648499e-03
-3.174655511975288391e-02
-2.788540348410606384e-02
6.812443607486784458e-04
-2.368694171309471130e-02
-2.625157684087753296e-02
-1.901531778275966644e-02
-2.109091915190219879e-02
-2.347199618816375732e-02
-1.589375734329223633e-02
-3.451717644929885864e-02
-2.420293167233467102e-02
-2.554141730070114136e-02
-1.849843002855777740e-02
-1.446084585040807724e-02
-5.919308401644229889e-03
-3.158861305564641953e-03
-2.669302001595497131e-02
-2.270179102197289467e-04
-2.200766466557979584e-02
-8.130539208650588989e-03
7.503395900130271912e-03
-1.349167618900537491e-02
-3.656332939863204956e-02
-6.818802561610937119e-03
-2.238279394805431366e-02
-3.223280981183052063e-02
-1.467336900532245636e-02
-2.602040953934192657e-02
-2.215371653437614441e-02
-3.156688809394836426e-02
-1.514570694416761398e-02
3.648098092526197433e-03
-2.850359678268432617e-02
-2.331871353089809418e-02
-1.664863526821136475e-02
-2.198337577283382416e-02
-2.011203393340110779e-02
1.400522887706756592e-02
-6.902980618178844452e-03
-1.787321828305721283e-02
-4.759076400659978390e-04
1.238184631802141666e-03
-2.414706349372863770e-02
7.754849735647439957e-03
-1.952038332819938660e-02
-1.721109822392463684e-02
-2.024083631113171577e-03
-5.937263835221529007e-03
-2.559519372880458832e-02
-1.899044588208198547e-02
-7.715853862464427948e-03
-1.306788623332977295e-02
-3.484720364212989807e-03
-4.343222826719284058e-02
-2.620340138673782349e-02
-2.124382369220256805e-02
-2.035468816757202148e-02
-2.239190042018890381e-02
-5.227515939623117447e-03
-1.594201289117336273e-02
1.013693492859601974e-02
-4.353762045502662659e-02
9.569372981786727905e-03
-1.298837829381227493e-02
-1.138717122375965118e-02
-3.165304288268089294e-02
-3.652999550104141235e-02
-2.717972360551357269e-02
-2.975224144756793976e-02
-2.383262291550636292e-02
-2.183541655540466309e-02
-6.512766703963279724e-03
-1.494098547846078873e-02
-3.288309276103973389e-02
-2.474125358276069164e-04
-1.931359060108661652e-02
1.217589434236288071e-02
-2.467043511569499969e-02
-2.414223365485668182e-02
-1.534525211900472641e-02
-2.379705384373664856e-02
-3.120268322527408600e-02
-2.427946217358112335e-02
-1.300115790218114853e-02
-1.868667267262935638e-02
2.820061892271041870e-02
-9.547083638608455658e-03
1.689993892796337605e-03
-1.047581154853105545e-02
-1.486039441078901291e-02
-2.527802810072898865e-02
-8.372592739760875702e-03
-1.917776279151439667e-02
-1.410727109760046005e-02
-2.248386293649673462e-02
-1.421763934195041656e-02
-2.304744347929954529e-02
-1.791172847151756287e-02
-2.875033952295780182e-02
-2.595422416925430298e-02
-1.317312568426132202e-02
-1.163824833929538727e-02
-3.955543041229248047e-02
-2.845744788646697998e-02
-4.285733215510845184e-03
-1.062914822250604630e-02
5.240541882812976837e-03
-8.234063163399696350e-03
-3.929345309734344482e-02
-2.226140908896923065e-02
-3.424604609608650208e-02
-2.695730514824390411e-02
1.320343581028282642e-03
-2.536738757044076920e-03
-3.564085112884640694e-03
-3.476198390126228333e-02
-2.054521068930625916e-02
-9.882496669888496399e-03
-7.156340405344963074e-03
-8.980623446404933929e-03
-3.464575484395027161e-02
-1.874954812228679657e-02
2.138166874647140503e-02
-3.296336904168128967e-02
-1.706103794276714325e-02
-1.270915195345878601e-02
-3.137240651994943619e-03
-2.355283871293067932e-02
-3.492440655827522278e-02
-2.457511238753795624e-02
1.021806523203849792e-02
-2.508800663053989410e-02
-2.120897732675075531e-02
-6.679761689156293869e-03
-4.271238576620817184e-03
-1.732050813734531403e-02
-6.880441680550575256e-03
-3.572655469179153442e-02
-1.205063331872224808e-02
-2.865694276988506317e-02
-4.426609724760055542e-02
-8.795616216957569122e-03
-3.014661930501461029e-02
-2.382862940430641174e-02
-2.688750624656677246e-02
-2.661804482340812683e-02
-2.407482825219631195e-02
-4.120911657810211182e-02
-2.189604751765727997e-02
-1.177103444933891296e-02
-3.710497543215751648e-02
-3.181062266230583191e-02
-1.683011278510093689e-02
-1.931268908083438873e-02
-9.863838786259293556e-04
-1.753234490752220154e-02
-3.108839876949787140e-02
-2.136965282261371613e-02
-3.223817795515060425e-02
-1.352955866605043411e-02
-1.341380644589662552e-02
-3.994252067059278488e-03
-3.202474489808082581e-02
-1.364636048674583435e-02
-3.213182464241981506e-02
-8.201850578188896179e-03
-1.616789400577545166e-02
-3.315061097964644432e-03
2.856845781207084656e-02
-1.988154649734497070e-02
1.666796510107815266e-03
-2.453035488724708557e-02
-1.185261271893978119e-02
-1.114183757454156876e-02
-1.289653778076171875e-02
-8.511276915669441223e-03
-3.525041416287422180e-02
-1.168386824429035187e-02
-1.829212717711925507e-02
-2.638712711632251740e-02
-1.780165173113346100e-02
-4.757288470864295959e-02
-5.789758171886205673e-03
-6.359096616506576538e-03
-1.449511107057332993e-02
-1.207929756492376328e-02
-3.390758112072944641e-02
-2.285021543502807617e-02
-2.194652892649173737e-02
-1.793552935123443604e-02
-3.596716001629829407e-02
2.060653083026409149e-02
-1.999735645949840546e-02
8.940817788243293762e-03
-1.392752304673194885e-02
-6.884742993861436844e-03
-3.244481282308697701e-03
-2.331829629838466644e-02
-2.304578199982643127e-02
-1.793555542826652527e-02
-2.847814187407493591e-02
-2.209125272929668427e-02
-1.095356047153472900e-02
-2.297970093786716461e-02
-1.029864512383937836e-02
-2.695358358323574066e-02
-1.870804280042648315e-02
-2.579263783991336823e-02
8.722472004592418671e-03
-2.169967070221900940e-02
-3.138884902000427246e-02
-3.060204349458217621e-02
-2.732967585325241089e-02
5.279169417917728424e-03
-1.556221116334199905e-02
-2.646822482347488403e-02
-1.182527840137481689e-02
-3.555602207779884338e-02
-1.414807792752981186e-02
-3.156388178467750549e-02
-3.103993274271488190e-02
-3.228705376386642456e-02
-1.705748587846755981e-02
-2.495703287422657013e-02
-3.909328207373619080e-02
-3.520550578832626343e-02
-2.149739861488342285e-02
-2.530393004417419434e-02
-2.351845614612102509e-02
-6.885189097374677658e-03
-1.808881387114524841e-02
-2.046418935060501099e-02
-8.903402835130691528e-03
-3.091082535684108734e-02
-3.310150653123855591e-02
-1.823966763913631439e-02
-1.810979470610618591e-02
-2.727732248604297638e-02
-3.250086680054664612e-02
-3.699934482574462891e-02
-2.673770301043987274e-02
8.349551819264888763e-03
-2.139882370829582214e-02
-7.220647763460874557e-03
-2.490297704935073853e-02
-1.579112187027931213e-02
-3.911807201802730560e-03
-3.116733394563198090e-03
-2.336631342768669128e-02
-9.262240491807460785e-03
-2.318414673209190369e-02
-2.636856958270072937e-02
-2.268927730619907379e-02
-7.177144754678010941e-03
-1.661342685110867023e-03
-2.456717751920223236e-02
-4.821712151169776917e-02
-5.251506343483924866e-02
3.018925897777080536e-02
-2.079618163406848907e-02
2.039800211787223816e-02
-6.852227728813886642e-03
-2.144245430827140808e-02
-1.310639269649982452e-02
-2.126386761665344238e-02
-3.241336345672607422e-02
-1.455465331673622131e-02
1.398058421909809113e-02
-4.260239750146865845e-02
-2.113383449614048004e-02
-3.727730363607406616e-02
-3.553687781095504761e-02
-1.606022007763385773e-02
-3.289464116096496582e-02
-2.836454100906848907e-02
-1.877894811332225800e-02
-2.595809474587440491e-02
4.606495425105094910e-02
-3.961769491434097290e-02
3.050156403332948685e-03
-2.676834352314472198e-02
-2.091124095022678375e-02
-1.229032594710588455e-02
-2.263117581605911255e-02
-3.222503885626792908e-02
-1.724159345030784607e-02
-2.352143451571464539e-02
-2.394040860235691071e-02
-4.375178366899490356e-03
-9.355368092656135559e-03
3.010203130543231964e-03
-2.821735665202140808e-02
-1.714139059185981750e-02
-1.732352934777736664e-02
-1.387086976319551468e-02
-4.028461407870054245e-03
-3.884585574269294739e-02
-2.595679089426994324e-02
-3.458354622125625610e-02
-1.837226003408432007e-02
-1.860640943050384521e-02
-1.859675534069538116e-02
-3.628407791256904602e-02
-6.696578115224838257e-03
-1.122417021542787552e-02
-1.045483630150556564e-02
-1.206239033490419388e-02
-2.997911162674427032e-02
-4.708629101514816284e-02
-1.301094796508550644e-02
5.236742552369832993e-03
-1.332313753664493561e-02
-4.826953168958425522e-03
-2.912633866071701050e-02
-1.205885503441095352e-02
-1.525958813726902008e-02
-3.492648154497146606e-02
5.180579610168933868e-03
8.231168612837791443e-03
-1.653330773115158081e-02
-2.778349071741104126e-02
-2.818783186376094818e-02
-5.233701784163713455e-03
-2.599183470010757446e-02
-2.377914078533649445e-02
-1.233964972198009491e-02
-2.777607925236225128e-02
-1.424434501677751541e-02
-2.014510100707411766e-03
-2.660947106778621674e-02
-1.744258403778076172e-02
-1.777673885226249695e-02
-1.512256171554327011e-02
-1.439031772315502167e-02
-1.445360295474529266e-02
-2.314040809869766235e-02
4.804708529263734818e-03
-1.867007464170455933e-02
-1.105898991227149963e-02
-2.099840342998504639e-02
-2.006753161549568176e-02
-2.664250135421752930e-02
-9.974105283617973328e-03
-2.103643259033560753e-03
-2.815362066030502319e-02
-4.093224182724952698e-02
1.712132431566715240e-02
-2.331727370619773865e-02
-3.535364940762519836e-02
-2.529446594417095184e-02
-2.875416353344917297e-02
-3.484764695167541504e-02
-2.436374500393867493e-02
8.728822693228721619e-03
8.168330532498657703e-04
-3.878663480281829834e-02
-1.289028208702802658e-02
-1.627487130463123322e-02
-3.355049062520265579e-03
-4.153939429670572281e-03
-4.245667532086372375e-02
-2.074815705418586731e-02
-1.454420853406190872e-02
-2.490374818444252014e-02
-2.696960791945457458e-02
-2.506799623370170593e-02
-1.294400636106729507e-02
-2.913472056388854980e-02
-1.643775589764118195e-02
-4.019923880696296692e-02
-1.034051273018121719e-02
-1.734798401594161987e-02
-1.698602735996246338e-02
-4.166283085942268372e-02
-1.388240605592727661e-02
-3.152827173471450806e-02
8.846343494951725006e-03
-2.266153506934642792e-02
-8.578999899327754974e-03
-1.349443197250366211e-02
-1.279300078749656677e-02
-1.981828361749649048e-02
-2.624030970036983490e-02
-4.107100423425436020e-03
-1.804022613214328885e-04
-1.059609092772006989e-02
-1.717999693937599659e-03
-3.849967941641807556e-02
-1.278904546052217484e-02
-1.946203596889972687e-02
-3.880398347973823547e-02
-1.784611307084560394e-02
-3.026578202843666077e-02
-1.792316511273384094e-02
-2.610424533486366272e-02
-6.876239553093910217e-03
-1.649551279842853546e-02
-1.412521768361330032e-02
-1.170901861041784286e-02
1.398395001888275146e-02
-1.246407907456159592e-02
-1.237046997994184494e-02
-1.641163043677806854e-02
1.204052288085222244e-02
1.784842275083065033e-02
2.105189720168709755e-03
-2.390153706073760986e-02
-9.860176593065261841e-03
1.469767559319734573e-02
-4.300361126661300659e-02
-3.187023103237152100e-02
-2.876466885209083557e-02
-2.318481169641017914e-02
-5.529655609279870987e-03
-1.422198861837387085e-02
-2.719193883240222931e-02
-7.063152734190225601e-03
-4.198018833994865417e-02
-2.179973945021629333e-02
-2.689283341169357300e-02
-1.942673511803150177e-02
-1.499603129923343658e-02
-1.710828021168708801e-02
-1.937881670892238617e-02
-1.070794370025396347e-02
-1.826040819287300110e-02
-1.023863535374403000e-02
-3.998579923063516617e-03
-2.320636063814163208e-02
-1.504034176468849182e-02
-4.008116945624351501e-02
-2.509698458015918732e-02
-1.491428818553686142e-02
-1.393686700612306595e-02
-2.263769321143627167e-02
-1.368713192641735077e-02
-2.257777377963066101e-02
-3.127110749483108521e-02
4.045691341161727905e-03
-5.277258809655904770e-03
-1.967185363173484802e-02
-2.167244441807270050e-03
-4.277905449271202087e-03
-1.066061947494745255e-02
-7.991294376552104950e-03
5.474555771797895432e-03
-4.398212954401969910e-02
-7.160434499382972717e-03
-7.992065511643886566e-03
-2.498681284487247467e-02
-2.944631129503250122e-02
-1.632640324532985687e-02
2.648992277681827545e-02
-3.085000067949295044e-02
-3.112131357192993164e-02
-3.206352517008781433e-02
-2.978177182376384735e-02
-3.317805007100105286e-02
-1.618860475718975067e-02
-1.001034397631883621e-02
-2.730635367333889008e-02
-1.711913757026195526e-02
-2.385206520557403564e-02
-2.393292449414730072e-02
-1.039591804146766663e-02
1.690631546080112457e-02
-2.023349329829216003e-02
-2.655725739896297455e-02
4.118746612221002579e-03
-2.733976580202579498e-02
-8.048111572861671448e-03
-1.110701821744441986e-02
-1.452619489282369614e-02
-1.709155552089214325e-02
-2.790953591465950012e-02
-3.346319869160652161e-02
-6.031400524079799652e-03
-1.415158156305551529e-02
-2.521805837750434875e-02
-2.046284638345241547e-02
-5.252263974398374557e-03
-4.504425078630447388e-02
-4.110692068934440613e-02
-2.325914800167083740e-02
-3.244715183973312378e-02
-2.799636125564575195e-02
-1.864553056657314301e-02
-1.410335022956132889e-02
-3.296786174178123474e-02
-1.390091609209775925e-02
-5.606026854366064072e-03
-3.061192668974399567e-02
-1.285860128700733185e-02
-2.497511170804500580e-02
6.468893028795719147e-03
-2.422842942178249359e-02
-5.339893698692321777e-02
-2.263589203357696533e-02
-9.535090066492557526e-03
-2.800986357033252716e-02
-1.340228598564863205e-02
-3.473808243870735168e-02
-6.950046401470899582e-03
-3.914002701640129089e-02
-2.005693316459655762e-02
-1.854179613292217255e-02
-1.343929953873157501e-02
-1.937292329967021942e-02
-1.298265624791383743e-02
-1.836510747671127319e-02
-1.438227295875549316e-02
-3.242251276969909668e-02
-5.725489929318428040e-03
-2.012575417757034302e-02
-1.775632612407207489e-02
3.288177249487489462e-04
-3.665907308459281921e-02
-8.498577401041984558e-03
-2.065648883581161499e-02
-1.998833939433097839e-02
-1.835190132260322571e-02
-1.337492279708385468e-02
-9.802239219425246119e-05
-6.675446871668100357e-03
-2.248718868941068649e-03
-5.847931373864412308e-03
-1.358404196798801422e-02
-2.489840425550937653e-02
-1.962219364941120148e-02
-2.806880138814449310e-02
-1.950092799961566925e-02
-2.574460767209529877e-02
-1.945882290601730347e-02
-3.239478543400764465e-02
-2.398648858070373535e-02
-2.542856335639953613e-02
-2.757611311972141266e-02
-2.506640739738941193e-03
5.932776257395744324e-03
4.881175234913825989e-03
-2.712073549628257751e-02
-3.354634717106819153e-02
-1.407125964760780334e-02
-1.716020330786705017e-02
-3.230476379394531250e-02
-1.500759739428758621e-02
1.716952212154865265e-02
-2.455953042954206467e-03
-1.698116213083267212e-02
-2.592835389077663422e-02
-2.052527666091918945e-02
-1.512210257351398468e-02
5.697369575500488281e-03
-2.275399491190910339e-02
-1.840424165129661560e-02
-1.936848461627960205e-02
-2.132085710763931274e-02
-2.221287228167057037e-02
-8.528749458491802216e-03
-9.671539068222045898e-03
-5.006410647183656693e-03
-1.831774972379207611e-02
2.520975284278392792e-02
-1.718336530029773712e-02
-2.350126951932907104e-02
-2.501570619642734528e-02
-1.000389829277992249e-02
-2.772233821451663971e-02
-1.602821983397006989e-02
-2.004736661911010742e-02
-1.863523200154304504e-02
-2.601567283272743225e-02
-3.213655203580856323e-02
-7.868081331253051758e-03
-1.631570234894752502e-02
-1.164926216006278992e-02
-1.679757051169872284e-02
-3.207038342952728271e-02
-2.432546205818653107e-02
-6.924306508153676987e-03
-6.177108734846115112e-03
-1.964589208364486694e-02
4.402343765832483768e-04
-7.720493711531162262e-03
-1.745575293898582458e-02
2.143307216465473175e-02
6.278666114667430520e-05
-3.035253845155239105e-02
-2.252823859453201294e-02
5.931247770786285400e-02
-1.004481036216020584e-02
-2.208375930786132812e-02
-4.110341146588325500e-02
-1.713971793651580811e-02
-2.977581694722175598e-02
-1.760536432266235352e-02
-2.017553150653839111e-02
-7.236732169985771179e-03
-8.678650483489036560e-03
-1.374822109937667847e-02
-1.993643678724765778e-02
-2.467456459999084473e-02
-4.161882400512695312e-02
-1.465489715337753296e-02
-3.509761765599250793e-02
-1.173224672675132751e-02
-1.287069357931613922e-02
-1.231874339282512665e-02
-8.965756744146347046e-03
-2.374488860368728638e-02
-2.716495469212532043e-02
-1.302924565970897675e-02
-3.042566776275634766e-02
-2.170230448246002197e-02
-2.177434414625167847e-02
-4.384879395365715027e-02
7.625992875546216965e-03
-6.871634628623723984e-03
-4.400376975536346436e-02
-1.169197726994752884e-02
-1.586517691612243652e-02
-1.352021936327219009e-02
-3.947350662201642990e-03
-1.036677788943052292e-02
-1.706827618181705475e-02
-3.148356825113296509e-02
-1.609315909445285797e-02
-2.772883884608745575e-02
1.108087971806526184e-02
-2.811179123818874359e-02
8.694848045706748962e-03
-2.275144122540950775e-02
-2.543622069060802460e-02
-7.053462322801351547e-03
-3.210260719060897827e-02
1.040714234113693237e-02
-3.733485564589500427e-02
-2.808011695742607117e-02
-1.730195246636867523e-02
-1.078369282186031342e-02
1.355323765892535448e-04
-2.137687057256698608e-02
-2.045208960771560669e-02
-3.346207365393638611e-02
-2.015706896781921387e-02
-1.832940801978111267e-02
6.948378995730308816e-06
-3.063917532563209534e-02
-7.980975322425365448e-03
-1.857389882206916809e-02
-2.684748359024524689e-02
-1.126744598150253296e-02
-2.103730104863643646e-02
-1.502100005745887756e-02
-1.141570135951042175e-02
-1.928865164518356323e-02
-1.198995392769575119e-02
-6.794271059334278107e-03
-5.077482014894485474e-02
-1.790384948253631592e-02
-1.259105629287660122e-03
-1.064396370202302933e-02
-2.452064864337444305e-02
-2.544420026242733002e-02
-2.296532690525054932e-02
-2.654662914574146271e-02
-9.308353997766971588e-03
-1.255887839943170547e-02
8.223267272114753723e-03
-1.978283934295177460e-02
-3.188437968492507935e-02
-2.067778632044792175e-02
-4.313007742166519165e-02
-2.782546915113925934e-02
-1.150295417755842209e-02
-2.278072573244571686e-02
-1.418080274015665054e-02
4.967397544533014297e-04
-1.884821988642215729e-02
1.253827125765383244e-03
-3.129774332046508789e-02
-2.188530005514621735e-02
-2.578692510724067688e-02
-8.995625190436840057e-03
-1.338559016585350037e-02
-9.217310696840286255e-03
-2.262083627283573151e-02
-2.274099504575133324e-03
-2.452991530299186707e-02
-3.219678252935409546e-02
-7.904790341854095459e-03
-2.299202047288417816e-02
-2.374923601746559143e-02
-6.082084146328270435e-04
-2.699530124664306641e-02
-2.624003216624259949e-02
-2.621282450854778290e-02
-1.526197139173746109e-02
-5.171419307589530945e-02
-3.876498714089393616e-02
5.587809253484010696e-03
-3.135363385081291199e-02
-1.028376072645187378e-02
-3.013432957231998444e-02
-1.067718863487243652e-02
-6.930340547114610672e-03
3.008882049471139908e-03
-7.984233088791370392e-03
-1.246012398041784763e-03
-7.485028356313705444e-03
-4.658116027712821960e-02
-3.794128075242042542e-02
-9.206251241266727448e-03
-1.367740705609321594e-02
-1.028676331043243408e-02
-1.791421137750148773e-02
-1.491968333721160889e-02
-1.195019390434026718e-02
-3.471581637859344482e-02
-2.070054598152637482e-02
-2.347539737820625305e-02
-3.496564552187919617e-02
-2.829835191369056702e-02
-2.940346719697117805e-03
-4.986582323908805847e-02
-2.744963020086288452e-02
-8.594291284680366516e-03
-1.438106503337621689e-02
6.692059803754091263e-03
-3.773635625839233398e-02
-2.800394594669342041e-02
4.104143381118774414e-02
-5.816529504954814911e-03
-1.678341627120971680e-02
-3.694513812661170959e-02
-1.760707981884479523e-02
-2.177618257701396942e-02
-3.188703209161758423e-02
-1.659696549177169800e-02
-1.213309075683355331e-02
-2.559557557106018066e-02
-3.471191739663481712e-03
-3.743677225429564714e-04
-3.371787071228027344e-02
-1.826728321611881256e-02
-3.706077113747596741e-02
-1.354523655027151108e-02
-1.615730300545692444e-02
-1.382214482873678207e-02
-2.371474727988243103e-02
-1.702821068465709686e-02
-2.840147912502288818e-02
-4.890463314950466156e-04
-8.427482098340988159e-03
-1.826168224215507507e-02
-1.373491343110799789e-02
-1.153631415218114853e-02
-2.058940939605236053e-02
-3.452032804489135742e-02
-2.426639385521411896e-02
-4.915245808660984039e-03
-3.396658226847648621e-02
-1.986431516706943512e-02
-2.632907405495643616e-02
-8.552904240787029266e-03
-3.217007592320442200e-02
-1.604543812572956085e-02
-2.996305935084819794e-02
-2.181748114526271820e-02
-2.900738082826137543e-02
-3.997427411377429962e-03
-1.200984790921211243e-02
-2.102530002593994141e-02
-2.582419477403163910e-02
-2.537352405488491058e-02
-1.330418512225151062e-02
-2.150788344442844391e-02
-2.507017925381660461e-02
1.028058119118213654e-02
-1.123303361237049103e-02
-1.318353042006492615e-02
-3.054026886820793152e-02
-2.260434813797473907e-02
-9.877109900116920471e-03
-3.128322958946228027e-02
1.741351746022701263e-02
-2.539965324103832245e-02
-2.451217733323574066e-02
-1.374350581318140030e-02
-1.806259714066982269e-02
-1.851514168083667755e-02
-1.261294260621070862e-02
-2.097644656896591187e-02
-2.467601932585239410e-02
-1.220364030450582504e-02
-2.586857229471206665e-02
2.645842032507061958e-03
-2.597948536276817322e-02
-2.182393521070480347e-02
7.904521189630031586e-03
-3.045703656971454620e-02
-1.365700364112854004e-02
-4.397964105010032654e-03
-2.268268354237079620e-02
2.608951646834611893e-03
-2.509126253426074982e-02
-1.355544663965702057e-02
-2.751128189265727997e-02
-4.851163830608129501e-03
-2.877520769834518433e-02
-2.924990281462669373e-02
1.156393438577651978e-02
-3.486879542469978333e-02
-2.433582581579685211e-02
-2.277944982051849365e-02
-3.334516659379005432e-02
2.104914747178554535e-02
-2.200092747807502747e-02
-2.601892687380313873e-02
-2.849009819328784943e-02
-2.963490411639213562e-02
-5.756454775109887123e-04
-1.297677773982286453e-02
-2.262138202786445618e-02
-3.532592207193374634e-03
3.749174531549215317e-03
-2.372650429606437683e-03
